x_train shape: (262508, 1100)  y_train shape: (262508,)
x_val shape: (65627, 1100)  y_val shape: (65627,)

Accuracy: 0.869

Class -1.0: precision=0.953, recall=0.900, f1=0.926, support=59774
Class 1.0: precision=0.350, recall=0.550, f1=0.428, support=5853

Macro avg:   precision=0.652, recall=0.725, f1=0.677
Weighted avg: precision=0.900, recall=0.869, f1=0.881
Predicted probabilities from our model: [0.54394795 0.00739597 0.23627844 0.32361093 0.15398812 0.04947826
 0.14873272 0.10353595 0.80324195 0.56816329 0.56132719 0.29354981
 0.01318962 0.06612085 0.47209413 0.10619273 0.66000628 0.32369517
 0.41327409 0.92065216 0.20222853 0.06531415 0.79710644 0.26298529
 0.03107337 0.200503   0.06405489 0.05862195 0.02143274 0.14288888
 0.37692806 0.10872007 0.02988956 0.03366661 0.06349446 0.22946889
 0.18730053 0.04151314 0.22138384 0.404174   0.47319902 0.03349071
 0.49985846 0.68889519 0.15173646 0.06465587 0.06627044 0.04895216
 0.64059458 0.21274833 0.77885828 0.15097628 0.88182766 0.01978355
 0.11096634 0.0878077  0.58295796 0.39131173 0.04876116 0.16670565
 0.10071689 0.06838724 0.63195311 0.0755991  0.36838538 0.22548863
 0.05507326 0.08491558 0.58532004 0.23286051 0.62288111 0.64252561
 0.08306798 0.06960013 0.21037519 0.10121799 0.06003904 0.07343637
 0.82821573 0.84342951 0.0711012  0.45477007 0.34835588 0.19819122
 0.28091965 0.20981413 0.14568792 0.36283792 0.08818374 0.03498232
 0.11161566 0.86992728 0.08539029 0.15350848 0.09480079 0.1756635
 0.09480325 0.91198307 0.89453227 0.80702827]
