x_train shape: (262508, 1100)  y_train shape: (262508,)
x_val shape: (65627, 1100)  y_val shape: (65627,)

Accuracy: 0.848

Class -1.0: precision=0.946, recall=0.883, f1=0.914, support=59774
Class 1.0: precision=0.291, recall=0.490, f1=0.365, support=5853

Macro avg:   precision=0.619, recall=0.686, f1=0.639
Weighted avg: precision=0.888, recall=0.848, f1=0.865
Predicted probabilities from our model: [0.14517452 0.00373934 0.08287292 0.1141186  0.04698596 0.00552393
 0.00912127 0.01906186 0.45538447 0.36867422 0.13109378 0.08674697
 0.00451636 0.00694865 0.31553539 0.01166194 0.24792065 0.23876747
 0.0984253  0.52618707 0.04217707 0.01651747 0.58727254 0.09175843
 0.01781383 0.05954453 0.01975724 0.04777995 0.00453431 0.02141902
 0.04168314 0.01206308 0.00739497 0.01339154 0.03249678 0.05343626
 0.06025646 0.00808434 0.07928472 0.09325257 0.05079102 0.01746209
 0.10411456 0.35083234 0.04463684 0.01599339 0.01579876 0.01057656
 0.24094569 0.07562067 0.34028338 0.01176716 0.2256433  0.00423521
 0.02107934 0.06820834 0.26364293 0.05824888 0.00326126 0.00933743
 0.03837249 0.00835935 0.05695577 0.00758789 0.08668639 0.0874961
 0.01355638 0.04990283 0.05074254 0.01456426 0.50993169 0.30113902
 0.01538264 0.00752984 0.01348329 0.05464103 0.00811701 0.01122885
 0.04954231 0.57243191 0.00833733 0.10623251 0.06537057 0.02289669
 0.10778305 0.12560918 0.05654533 0.13950633 0.04737197 0.01842209
 0.03383764 0.40973836 0.0113537  0.05188472 0.01372043 0.00998393
 0.01477864 0.41540703 0.14925281 0.27095312]
