x_train shape: (262508, 1100)  y_train shape: (262508,)
x_val shape: (65627, 1100)  y_val shape: (65627,)

Accuracy: 0.860

Class -1.0: precision=0.956, recall=0.887, f1=0.920, support=59774
Class 1.0: precision=0.335, recall=0.584, f1=0.426, support=5853

Macro avg:   precision=0.646, recall=0.735, f1=0.673
Weighted avg: precision=0.901, recall=0.860, f1=0.876
Predicted probabilities from our model: [0.75731044 0.01646328 0.45866679 0.56666843 0.30909646 0.10630684
 0.29104269 0.21724713 0.91975257 0.76893045 0.77562934 0.51951008
 0.03105332 0.1364676  0.70177795 0.21667435 0.83801784 0.57155468
 0.61552745 0.97122014 0.39973381 0.16268382 0.91554908 0.48193115
 0.08231856 0.40508196 0.14783873 0.12863315 0.051046   0.29139461
 0.6047496  0.23070678 0.07402913 0.08237957 0.13264136 0.43838326
 0.34080975 0.08868393 0.42922372 0.63686649 0.70367789 0.07586598
 0.73122823 0.85094331 0.30837963 0.150729   0.14306039 0.11838098
 0.82809549 0.41514215 0.90414606 0.30042098 0.95457851 0.04702264
 0.22913593 0.18607685 0.80939634 0.6096848  0.12369763 0.3365243
 0.22451169 0.16389589 0.82449977 0.16601378 0.59188575 0.40596089
 0.12707248 0.19401342 0.78480782 0.44062069 0.8184126  0.83106144
 0.18442706 0.16022685 0.42705442 0.21042638 0.13192577 0.15248961
 0.93395181 0.94011093 0.15737862 0.69265018 0.58880227 0.37525663
 0.52356767 0.40904997 0.2993892  0.62075615 0.18591523 0.08311991
 0.25269859 0.9489237  0.17736477 0.31404444 0.21163113 0.35912341
 0.2167341  0.96869219 0.95850871 0.91979066]
