x_train shape: (262508, 1100)  y_train shape: (262508,)
x_val shape: (65627, 1100)  y_val shape: (65627,)

Accuracy: 0.855

Class -1.0: precision=0.958, recall=0.880, f1=0.917, support=59774
Class 1.0: precision=0.330, recall=0.603, f1=0.426, support=5853

Macro avg:   precision=0.644, recall=0.741, f1=0.672
Weighted avg: precision=0.902, recall=0.855, f1=0.873
Predicted probabilities from our model: [0.13225432 0.00155647 0.03842514 0.06021567 0.03110391 0.00885843
 0.02478458 0.01622465 0.33982924 0.16934071 0.13269034 0.05750712
 0.00241113 0.0124926  0.12354763 0.01701352 0.19624505 0.05867583
 0.10122329 0.51930089 0.0344209  0.01009793 0.32782365 0.04965284
 0.00482855 0.03178403 0.0098016  0.0107481  0.00350102 0.02596578
 0.06998471 0.01892748 0.00468404 0.00560535 0.01144816 0.03907748
 0.03784321 0.00802775 0.03895661 0.07556092 0.09956448 0.00536146
 0.09886067 0.23252747 0.02539856 0.01194769 0.01128401 0.00639733
 0.16684847 0.0328171  0.28440155 0.02492634 0.41416896 0.00339508
 0.01756881 0.0156344  0.13313065 0.0842638  0.0067036  0.02538891
 0.01499511 0.01013405 0.17534546 0.01210531 0.07428343 0.044312
 0.00915552 0.01185147 0.1519089  0.0349828  0.16882916 0.1783333
 0.0127796  0.01023576 0.0309252  0.01833935 0.00956969 0.01300256
 0.28300405 0.39122755 0.01052462 0.09201713 0.06244387 0.0335144
 0.0480176  0.03533706 0.02426838 0.06024794 0.0170437  0.00581533
 0.01516514 0.44068028 0.01535139 0.02572917 0.0140007  0.02792782
 0.01391349 0.49123388 0.46704955 0.32179534]
