x_train shape: (262508, 1338)  y_train shape: (262508,)
x_val shape: (65627, 1338)  y_val shape: (65627,)

Accuracy: 0.830

Class -1.0: precision=0.947, recall=0.861, f1=0.902, support=59774
Class 1.0: precision=0.265, recall=0.510, f1=0.349, support=5853

Macro avg:   precision=0.606, recall=0.686, f1=0.626
Weighted avg: precision=0.886, recall=0.830, f1=0.853
Predicted probabilities from our model: [0.37613538 0.10277016 0.32556299 0.34883622 0.27560477 0.09988709
 0.1321489  0.18698391 0.51934388 0.5281261  0.38425844 0.2712413
 0.10160878 0.1219405  0.43665935 0.1683892  0.39074873 0.41214844
 0.33031069 0.5732994  0.22740427 0.15599094 0.62057269 0.3011573
 0.17123228 0.24403684 0.19217594 0.24340561 0.09852799 0.20884821
 0.25638803 0.15400411 0.13865059 0.13188074 0.23230984 0.26052938
 0.28463694 0.11658544 0.30289125 0.30362082 0.27947277 0.18097094
 0.3349507  0.48454986 0.26791073 0.14270071 0.19964803 0.15297582
 0.39856725 0.33928303 0.51769353 0.16806386 0.47583108 0.10995891
 0.17697877 0.26076684 0.36737368 0.28886269 0.08708617 0.13018167
 0.23971119 0.11534368 0.27024806 0.13415875 0.30817003 0.27729347
 0.18480523 0.24419332 0.25807188 0.14922285 0.52168817 0.50016506
 0.13317114 0.11194447 0.14465943 0.22014398 0.13936377 0.15169241
 0.24828306 0.51190266 0.14747326 0.32761126 0.29652135 0.19094982
 0.32055725 0.31636076 0.27050342 0.3315248  0.21229703 0.17802195
 0.19466244 0.43219154 0.13647621 0.23759719 0.15153764 0.14713324
 0.16668267 0.42969246 0.30586192 0.45953576]
