x_train shape: (262508, 1100)  y_train shape: (262508,)
x_val shape: (65627, 1100)  y_val shape: (65627,)

Accuracy: 0.869

Class -1.0: precision=0.953, recall=0.900, f1=0.926, support=59774
Class 1.0: precision=0.351, recall=0.551, f1=0.428, support=5853

Macro avg:   precision=0.652, recall=0.725, f1=0.677
Weighted avg: precision=0.900, recall=0.869, f1=0.882
Predicted probabilities from our model: [0.54395155 0.00682809 0.23618909 0.31522551 0.14312478 0.04768134
 0.14518361 0.10390813 0.79953363 0.54381697 0.55859157 0.2888187
 0.01286455 0.06074248 0.46271107 0.11144451 0.66806597 0.31456559
 0.40619722 0.92564647 0.18911104 0.06459481 0.78605055 0.25001486
 0.02951729 0.19560874 0.06339787 0.05552698 0.02161692 0.13674799
 0.3837544  0.10382897 0.02815559 0.03281103 0.05871788 0.22953935
 0.18086043 0.03991659 0.220273   0.41489306 0.48123088 0.03268311
 0.50976526 0.67624241 0.15040182 0.06108719 0.06358876 0.05076418
 0.64878733 0.2131932  0.7803103  0.15120777 0.88881652 0.01910634
 0.11137149 0.08279751 0.57712601 0.3950425  0.04756176 0.16663695
 0.10183828 0.06696172 0.62508636 0.07411649 0.36900726 0.22000651
 0.05379788 0.08500422 0.60187084 0.23526439 0.6241604  0.6378409
 0.08148825 0.06960338 0.21003507 0.09562008 0.05903985 0.07083655
 0.84670138 0.83982562 0.07335372 0.4571224  0.34872279 0.1913485
 0.27927391 0.20450821 0.14324832 0.36147543 0.08415815 0.03239826
 0.11453497 0.87214243 0.08178869 0.15064873 0.0946196  0.1715177
 0.09448152 0.91320018 0.90130317 0.81908025]
