x_train shape: (262508, 1100)  y_train shape: (262508,)
x_val shape: (65627, 1100)  y_val shape: (65627,)

Accuracy: 0.860

Class -1.0: precision=0.956, recall=0.887, f1=0.920, support=59774
Class 1.0: precision=0.335, recall=0.584, f1=0.426, support=5853

Macro avg:   precision=0.646, recall=0.735, f1=0.673
Weighted avg: precision=0.901, recall=0.860, f1=0.876
Predicted probabilities from our model: [0.75730897 0.01647871 0.45865868 0.56680406 0.30933328 0.10636034
 0.29109663 0.21722784 0.91978049 0.76916569 0.77568368 0.51956851
 0.0310593  0.13661252 0.70188068 0.21654505 0.83797472 0.57170276
 0.61563154 0.97118202 0.4000773  0.16269714 0.91562499 0.48219858
 0.08234921 0.40517076 0.14782546 0.12870698 0.05103631 0.29146309
 0.60466059 0.23081906 0.07407435 0.08238923 0.13276025 0.43838608
 0.3409305  0.08872848 0.42924589 0.63671041 0.70358821 0.07589638
 0.73111438 0.85106884 0.30841271 0.15083287 0.14313523 0.11833193
 0.82802531 0.415125   0.90416094 0.30041355 0.95455021 0.04703468
 0.22913382 0.18623921 0.80942507 0.60964479 0.12372355 0.33652362
 0.22445612 0.16392735 0.82457817 0.16604754 0.59187261 0.40610832
 0.12712535 0.19396212 0.78459022 0.44052635 0.81840893 0.83111085
 0.18445567 0.16021453 0.42703648 0.21056611 0.13197577 0.15253619
 0.93383471 0.9401377  0.15730591 0.69266198 0.58877712 0.37538732
 0.52360129 0.40915496 0.29944979 0.62078805 0.18600883 0.08319872
 0.25259918 0.94891478 0.17745662 0.3140244  0.21164246 0.35918791
 0.21674436 0.96868704 0.95845952 0.91970373]
