x_train shape: (262508, 1100)  y_train shape: (262508,)
x_val shape: (65627, 1100)  y_val shape: (65627,)

Accuracy: 0.860

Class -1.0: precision=0.956, recall=0.887, f1=0.920, support=59774
Class 1.0: precision=0.335, recall=0.584, f1=0.426, support=5853

Macro avg:   precision=0.646, recall=0.735, f1=0.673
Weighted avg: precision=0.901, recall=0.860, f1=0.876
Predicted probabilities from our model: [0.75732038 0.01648014 0.45865881 0.56682107 0.30935062 0.10636349
 0.29110628 0.21723778 0.91977967 0.76919265 0.77568101 0.51957976
 0.03106115 0.13661692 0.70188332 0.21654671 0.83797342 0.57171683
 0.61564585 0.9711854  0.40006817 0.16269444 0.91563682 0.48218537
 0.08235951 0.40519188 0.14784142 0.12871819 0.05104014 0.2914965
 0.6046649  0.23082871 0.07407775 0.08239766 0.13277933 0.43839193
 0.34094465 0.08873116 0.42926196 0.63670631 0.70359194 0.0758979
 0.73112229 0.85107066 0.30841869 0.15083817 0.1431474  0.11832927
 0.82803254 0.41514575 0.90415216 0.30041832 0.95454645 0.04703978
 0.22914457 0.18623772 0.80944341 0.60964473 0.12372546 0.33652792
 0.22446538 0.16393494 0.82457671 0.16605187 0.59187818 0.40610397
 0.12712441 0.19398898 0.78459618 0.440558   0.81841067 0.83111689
 0.18446484 0.16021595 0.42705294 0.21057051 0.13197411 0.15254781
 0.93382878 0.94013565 0.15731752 0.69265346 0.58879765 0.37540369
 0.52361731 0.40916128 0.29945856 0.62078132 0.18602319 0.08320264
 0.25260639 0.9489113  0.17746468 0.31404898 0.2116456  0.35921245
 0.21674693 0.96868629 0.95846012 0.91970415]
