x_train shape: (262508, 1100)  y_train shape: (262508,)
x_val shape: (65627, 1100)  y_val shape: (65627,)

Accuracy: 0.830

Class -1.0: precision=0.953, recall=0.855, f1=0.901, support=59774
Class 1.0: precision=0.278, recall=0.569, f1=0.373, support=5853

Macro avg:   precision=0.615, recall=0.712, f1=0.637
Weighted avg: precision=0.893, recall=0.830, f1=0.854
Predicted probabilities from our model: [0.7260371  0.13779396 0.61932838 0.72280635 0.5167552  0.21413031
 0.26906686 0.35800181 0.90039407 0.88250974 0.68516574 0.61764837
 0.15687439 0.22753879 0.68599806 0.29315687 0.7838786  0.76822186
 0.66723991 0.91793968 0.52156627 0.29949104 0.92715614 0.66464527
 0.26537685 0.58334095 0.35809139 0.48557206 0.15237752 0.36358958
 0.5474434  0.3435291  0.18062862 0.24144963 0.39488624 0.51304194
 0.6072587  0.20602487 0.65341489 0.64202168 0.60415748 0.22178957
 0.67998929 0.86788453 0.51584224 0.31238974 0.33667512 0.25589673
 0.71049269 0.60057943 0.85941175 0.33278646 0.79579116 0.15796146
 0.26259204 0.45738679 0.81477704 0.60041521 0.12434354 0.28120128
 0.40861352 0.20611505 0.63060397 0.25142014 0.63022575 0.38331575
 0.2940578  0.57054294 0.5605848  0.35398725 0.87916071 0.85160547
 0.25770061 0.19517641 0.34050007 0.44042194 0.1789302  0.26672977
 0.59193166 0.87582957 0.25984192 0.69504056 0.58592893 0.43439483
 0.713492   0.52033267 0.57694138 0.73180797 0.43654523 0.35959237
 0.38084347 0.88305617 0.28915775 0.48172419 0.30617184 0.31206273
 0.29460565 0.86660052 0.75138087 0.81313652]
