x_train shape: (262508, 1100)  y_train shape: (262508,)
x_val shape: (65627, 1100)  y_val shape: (65627,)

Accuracy: 0.836

Class -1.0: precision=0.952, recall=0.863, f1=0.905, support=59774
Class 1.0: precision=0.285, recall=0.557, f1=0.377, support=5853

Macro avg:   precision=0.619, recall=0.710, f1=0.641
Weighted avg: precision=0.893, recall=0.836, f1=0.858
Predicted probabilities from our model: [0.47856898 0.05572286 0.35687004 0.47820424 0.29613291 0.11895087
 0.11559272 0.171238   0.76539246 0.72992055 0.44271816 0.40149508
 0.06957078 0.10019794 0.46539533 0.13219988 0.58419399 0.58593327
 0.41533113 0.80211444 0.31627708 0.14398619 0.83464638 0.41851026
 0.13541817 0.35422551 0.17297952 0.27420179 0.06998989 0.17328746
 0.29694218 0.15373643 0.08360579 0.1192583  0.21442688 0.28828721
 0.35897694 0.09812401 0.39036834 0.42162498 0.34032469 0.09460274
 0.43763085 0.70971434 0.26975777 0.16134765 0.15711743 0.10946044
 0.47050997 0.34918187 0.69039988 0.14908985 0.60463453 0.07054332
 0.11110762 0.24671906 0.6540076  0.35266493 0.05699543 0.12518658
 0.21407534 0.10337272 0.39364668 0.10380026 0.38974194 0.1767222
 0.13542228 0.33604657 0.31832838 0.17239644 0.74746344 0.6739935
 0.12840131 0.09442163 0.17165808 0.23026648 0.08196584 0.1242753
 0.32977947 0.74440647 0.11354646 0.44074117 0.31659585 0.21530325
 0.46931618 0.31363317 0.34412818 0.47779758 0.23548431 0.17336346
 0.18305759 0.76055714 0.13583471 0.25866831 0.14664737 0.14717428
 0.13857201 0.7407318  0.53898035 0.62547609]
