x_train shape: (262508, 1100)  y_train shape: (262508,)
x_val shape: (65627, 1100)  y_val shape: (65627,)

Accuracy: 0.842

Class -1.0: precision=0.951, recall=0.872, f1=0.909, support=59774
Class 1.0: precision=0.291, recall=0.537, f1=0.377, support=5853

Macro avg:   precision=0.621, recall=0.704, f1=0.643
Weighted avg: precision=0.892, recall=0.842, f1=0.862
Predicted probabilities from our model: [0.63897074 0.09046662 0.51890742 0.64155534 0.41883183 0.16218869
 0.19341233 0.26941147 0.86694427 0.84136284 0.5944551  0.53645595
 0.1070429  0.16437012 0.61457795 0.21523607 0.72307018 0.70858013
 0.58187103 0.89123413 0.43641408 0.22111637 0.90478311 0.57837545
 0.19555053 0.48620118 0.26624427 0.38904667 0.10675533 0.27595736
 0.45189174 0.25478323 0.12649228 0.17684012 0.31041784 0.41697732
 0.51453467 0.14793868 0.55448729 0.54110414 0.50821721 0.15120087
 0.59307579 0.82376113 0.4072082  0.24189189 0.24381299 0.17357245
 0.63149262 0.49836359 0.81418283 0.24812695 0.73413724 0.10780711
 0.18525063 0.36493023 0.76776249 0.51082993 0.08599329 0.20854059
 0.31430603 0.15226446 0.5496368  0.17684391 0.53411615 0.28847683
 0.21373598 0.45690972 0.47310407 0.27105409 0.83978726 0.79845776
 0.19447675 0.13873998 0.26305613 0.34650692 0.1236512  0.19506589
 0.5100126  0.84364773 0.18669116 0.60936444 0.48556311 0.3371825
 0.62684148 0.43387342 0.48107042 0.64783792 0.34745526 0.26465552
 0.29088127 0.85237439 0.21450423 0.38472727 0.22714356 0.23462217
 0.21438401 0.83426998 0.69166222 0.75768758]
