x_train shape: (262508, 1100)  y_train shape: (262508,)
x_val shape: (65627, 1100)  y_val shape: (65627,)

Accuracy: 0.837

Class -1.0: precision=0.952, recall=0.864, f1=0.906, support=59774
Class 1.0: precision=0.286, recall=0.554, f1=0.377, support=5853

Macro avg:   precision=0.619, recall=0.709, f1=0.641
Weighted avg: precision=0.893, recall=0.837, f1=0.859
Predicted probabilities from our model: [0.33070714 0.0367323  0.24214693 0.33178818 0.19571468 0.07840998
 0.07158079 0.11192571 0.62663439 0.5759031  0.30533095 0.28298691
 0.04620757 0.06494367 0.34171449 0.0851115  0.43175323 0.44778482
 0.28145111 0.67350294 0.20836818 0.09501937 0.72469971 0.2874988
 0.09367751 0.2337013  0.11040728 0.18586398 0.04750741 0.11144342
 0.193388   0.09451242 0.05623875 0.08042755 0.14782145 0.19424593
 0.23871496 0.06512165 0.25506602 0.29049761 0.21844294 0.06132734
 0.29985172 0.55694708 0.1758562  0.10768436 0.09854576 0.06749096
 0.32977297 0.23652249 0.54200366 0.09047562 0.4474085  0.04642251
 0.07267067 0.17183153 0.50825088 0.2326525  0.03749828 0.07897548
 0.14417986 0.07020847 0.26013202 0.06507839 0.26340082 0.11879426
 0.08469684 0.21675234 0.2114547  0.10905753 0.60744224 0.51758537
 0.08730016 0.06282044 0.10839447 0.15540841 0.05556891 0.08070583
 0.21131487 0.61983046 0.07182587 0.29871952 0.2033209  0.13549
 0.31409486 0.22701772 0.23067857 0.31804258 0.16019579 0.10813849
 0.11826531 0.62458048 0.08621773 0.1704794  0.09386872 0.09150989
 0.09051189 0.60863373 0.3896627  0.48161644]
