x_train shape: (262508, 1100)  y_train shape: (262508,)
x_val shape: (65627, 1100)  y_val shape: (65627,)

Accuracy: 0.851

Class -1.0: precision=0.959, recall=0.874, f1=0.914, support=59774
Class 1.0: precision=0.324, recall=0.616, f1=0.424, support=5853

Macro avg:   precision=0.641, recall=0.745, f1=0.669
Weighted avg: precision=0.902, recall=0.851, f1=0.871
Predicted probabilities from our model: [0.80113004 0.02122638 0.52531737 0.63713675 0.37356527 0.13160925
 0.34200288 0.2588089  0.93864239 0.81901591 0.81895944 0.58489667
 0.03931349 0.16971719 0.75678487 0.25058696 0.86897388 0.64206625
 0.66964879 0.97699517 0.47531906 0.20357812 0.93696156 0.55489704
 0.10809617 0.47615618 0.18218385 0.16086672 0.06360029 0.34867966
 0.65731655 0.28224793 0.09547635 0.10496981 0.16573554 0.50188091
 0.39606424 0.10951856 0.49675326 0.68634636 0.75088446 0.09503664
 0.7768288  0.88390151 0.36457998 0.19102329 0.17801958 0.14466168
 0.86046528 0.4779133  0.92395763 0.35107488 0.96364726 0.06020888
 0.27222684 0.22967286 0.85260917 0.66173744 0.15632364 0.39274479
 0.26934802 0.20574768 0.86150146 0.2030667  0.64788429 0.46676297
 0.15943264 0.23689112 0.81685989 0.50144794 0.85524607 0.86707394
 0.22430303 0.19497956 0.49447698 0.25730314 0.16266673 0.18492768
 0.94509583 0.95478442 0.18871475 0.7445764  0.6507536  0.43706164
 0.5941889  0.47479137 0.35692849 0.68583623 0.2285554  0.10739631
 0.30080283 0.95994474 0.2163201  0.37065643 0.25628645 0.42383297
 0.26409846 0.9760301  0.96616046 0.93490857]
