x_train shape: (262508, 1338)  y_train shape: (262508,)
x_val shape: (65627, 1338)  y_val shape: (65627,)

Accuracy: 0.832

Class -1.0: precision=0.952, recall=0.859, f1=0.903, support=59774
Class 1.0: precision=0.280, recall=0.562, f1=0.374, support=5853

Macro avg:   precision=0.616, recall=0.710, f1=0.638
Weighted avg: precision=0.892, recall=0.832, f1=0.856
Predicted probabilities from our model: [0.4118125  0.01578088 0.3065198  0.39646227 0.18979486 0.03232326
 0.04982205 0.07405824 0.7772752  0.75009909 0.34903568 0.29152288
 0.01958166 0.03238525 0.49325974 0.05511177 0.56911794 0.48835861
 0.35541995 0.82249734 0.23463989 0.05830587 0.88985076 0.35776888
 0.04357126 0.22075359 0.07369614 0.13854909 0.01997543 0.10262596
 0.17946467 0.06973232 0.02993268 0.03371928 0.08388609 0.16042529
 0.24132696 0.03098107 0.30870964 0.2600007  0.25399682 0.03830673
 0.3836918  0.69553324 0.16917247 0.06595056 0.06873344 0.04093589
 0.44590753 0.2786591  0.73324615 0.07275342 0.61450438 0.01772666
 0.06210754 0.13555509 0.58316778 0.27188022 0.01982934 0.04602866
 0.09666429 0.0332929  0.34181329 0.03844076 0.27811838 0.13529119
 0.07149351 0.20423677 0.21515096 0.06477661 0.75647635 0.70907733
 0.04301775 0.02811345 0.08010264 0.10947159 0.02988118 0.05047213
 0.30830139 0.74819049 0.04202676 0.38619842 0.25258065 0.10430494
 0.39370189 0.22421595 0.22672384 0.42391949 0.10763809 0.07112206
 0.08564732 0.73191265 0.05081024 0.17034885 0.06946518 0.0660912
 0.06639826 0.66461776 0.4614052  0.63136574]
