x_train shape: (262508, 1100)  y_train shape: (262508,)
x_val shape: (65627, 1100)  y_val shape: (65627,)

Accuracy: 0.830

Class -1.0: precision=0.953, recall=0.855, f1=0.901, support=59774
Class 1.0: precision=0.278, recall=0.569, f1=0.374, support=5853

Macro avg:   precision=0.615, recall=0.712, f1=0.638
Weighted avg: precision=0.893, recall=0.830, f1=0.854
Predicted probabilities from our model: [0.72578128 0.13728872 0.61896816 0.72286498 0.51657976 0.21344395
 0.26845972 0.35744947 0.90050515 0.88267372 0.68511112 0.6178396
 0.15645671 0.22698729 0.68594366 0.29262363 0.78428687 0.7685914
 0.66714944 0.91809925 0.52150436 0.2989298  0.92726252 0.66443709
 0.26471647 0.58283683 0.35773271 0.48570455 0.15197703 0.36305153
 0.5470855  0.34272163 0.18034479 0.24095059 0.39495952 0.51271193
 0.60702106 0.20567818 0.65308696 0.64220196 0.60398176 0.22143491
 0.67989143 0.86809752 0.51564926 0.31203732 0.33613434 0.25565929
 0.71050769 0.60019567 0.85957573 0.33205209 0.7958042  0.15734477
 0.26157481 0.45743143 0.8148503  0.60029045 0.12402684 0.28064408
 0.40844915 0.20554357 0.63035623 0.2507489  0.63018776 0.38274446
 0.29349819 0.57026245 0.56030868 0.35326915 0.87939687 0.85186928
 0.25749911 0.19472892 0.3399611  0.44021893 0.17846917 0.26628612
 0.59178009 0.87600991 0.25953187 0.69501408 0.58562171 0.43395397
 0.71320009 0.52041489 0.57685487 0.73223529 0.43618917 0.35950238
 0.38056609 0.88317888 0.28883097 0.48156157 0.30564562 0.3115212
 0.29402818 0.86686601 0.75129017 0.81302327]
