x_train shape: (262508, 1100)  y_train shape: (262508,)
x_val shape: (65627, 1100)  y_val shape: (65627,)

Accuracy: 0.862

Class -1.0: precision=0.955, recall=0.890, f1=0.922, support=59774
Class 1.0: precision=0.339, recall=0.576, f1=0.427, support=5853

Macro avg:   precision=0.647, recall=0.733, f1=0.674
Weighted avg: precision=0.900, recall=0.862, f1=0.878
Predicted probabilities from our model: [0.68623526 0.01177021 0.36805465 0.46799209 0.23419196 0.07903338
 0.22815751 0.16736037 0.88512116 0.69080168 0.70423314 0.42846834
 0.02241188 0.10088342 0.61676434 0.17284165 0.78522453 0.47181006
 0.53807028 0.95960483 0.30786769 0.11691423 0.87738213 0.38602374
 0.05618634 0.31534549 0.10916006 0.09415882 0.03739759 0.22277251
 0.52516093 0.17256773 0.05172834 0.05861605 0.09776313 0.35343661
 0.27284576 0.06606401 0.34207494 0.55865464 0.62801116 0.05554232
 0.65669339 0.79554345 0.23969971 0.10808323 0.10577535 0.08779946
 0.77222825 0.33216182 0.86836437 0.23682634 0.93719307 0.03351685
 0.17756421 0.13826283 0.73513167 0.5320512  0.08774044 0.26465239
 0.17021776 0.11813145 0.7614192  0.12409171 0.50925745 0.32823984
 0.09256958 0.14439033 0.72814223 0.35758936 0.75647937 0.76984809
 0.13816348 0.11929124 0.33716924 0.15782283 0.09828188 0.11558989
 0.91125012 0.91236576 0.12010817 0.61103318 0.49825209 0.29732346
 0.42630169 0.32329137 0.2305309  0.52352435 0.13901571 0.0584329
 0.19268347 0.92798261 0.13376403 0.24320301 0.15933195 0.27835354
 0.16137782 0.95426001 0.94349859 0.89153415]
