x_train shape: (262508, 1100)  y_train shape: (262508,)
x_val shape: (65627, 1100)  y_val shape: (65627,)

Accuracy: 0.850

Class -1.0: precision=0.959, recall=0.873, f1=0.914, support=59774
Class 1.0: precision=0.322, recall=0.616, f1=0.423, support=5853

Macro avg:   precision=0.641, recall=0.744, f1=0.669
Weighted avg: precision=0.902, recall=0.850, f1=0.870
Predicted probabilities from our model: [0.83123783 0.02603504 0.57654883 0.68941352 0.42822554 0.1552167
 0.38423986 0.29448452 0.95047051 0.85299595 0.84809802 0.6342645
 0.04735521 0.20020523 0.79504579 0.27898627 0.88984108 0.69415785
 0.71020498 0.98057389 0.5368793  0.24049013 0.95035612 0.61117657
 0.13313349 0.53330358 0.21345965 0.19083761 0.07556203 0.39699522
 0.6956896  0.32781566 0.11580464 0.12659109 0.19664453 0.55177399
 0.44211544 0.12885759 0.55107206 0.7212874  0.78402646 0.11327577
 0.80823691 0.90540864 0.41167415 0.22872647 0.2106928  0.16819121
 0.88201602 0.52777057 0.93665101 0.3929622  0.96940254 0.073113
 0.30940298 0.26901986 0.88065552 0.70016901 0.18604757 0.43829752
 0.30762313 0.24396538 0.88564274 0.2363079  0.68891058 0.51535437
 0.18997203 0.27476263 0.83852276 0.54844729 0.8800439  0.89067357
 0.2593592  0.22518316 0.54700341 0.29890833 0.191043   0.2138507
 0.95205723 0.96375891 0.21632566 0.78108562 0.69630418 0.48702943
 0.64810673 0.52635095 0.40590015 0.73230307 0.26733838 0.13081603
 0.34110453 0.96681035 0.25125476 0.41722458 0.2954243  0.4767459
 0.30517919 0.98048275 0.97100136 0.94472342]
