x_train shape: (262508, 1100)  y_train shape: (262508,)
x_val shape: (65627, 1100)  y_val shape: (65627,)

Accuracy: 0.705

Class -1.0: precision=0.948, recall=0.716, f1=0.816, support=59774
Class 1.0: precision=0.170, recall=0.596, f1=0.265, support=5853

Macro avg:   precision=0.559, recall=0.656, f1=0.540
Weighted avg: precision=0.878, recall=0.705, f1=0.766
Predicted probabilities from our model: [0.17799692 0.14579756 0.18575488 0.18550535 0.18485047 0.17925574
 0.1492329  0.17348833 0.21241957 0.21050136 0.18208216 0.21214733
 0.15715281 0.15088659 0.3469557  0.15849502 0.25414789 0.25435225
 0.18132569 0.22624382 0.1957873  0.17869664 0.2227652  0.18834706
 0.21391726 0.18153027 0.17088013 0.20149969 0.16705039 0.17554622
 0.15608088 0.14761765 0.17763153 0.19517623 0.20982051 0.18536023
 0.16949685 0.17419999 0.16896546 0.18619679 0.15814902 0.23308929
 0.19247927 0.21975009 0.17077267 0.18778272 0.15688035 0.15733175
 0.28167496 0.18043221 0.21294257 0.147492   0.18646649 0.15442012
 0.21091983 0.26274711 0.25846133 0.16859947 0.16550533 0.15283697
 0.21163639 0.19589745 0.16546795 0.14378917 0.1811365  0.31178207
 0.16677146 0.16942148 0.17363998 0.16526756 0.29054618 0.1995326
 0.20083555 0.16904016 0.16658365 0.24596848 0.17790086 0.1638099
 0.17353332 0.32454566 0.15428404 0.18131304 0.17537759 0.15415482
 0.18637833 0.29861942 0.19861921 0.21653766 0.22655015 0.1707928
 0.23620858 0.2566306  0.16471994 0.23370881 0.16951906 0.14570864
 0.17952585 0.27347899 0.19522031 0.21743249]
