x_train shape: (262508, 1100)  y_train shape: (262508,)
x_val shape: (65627, 1100)  y_val shape: (65627,)

Accuracy: 0.830

Class -1.0: precision=0.953, recall=0.855, f1=0.902, support=59774
Class 1.0: precision=0.278, recall=0.569, f1=0.373, support=5853

Macro avg:   precision=0.615, recall=0.712, f1=0.637
Weighted avg: precision=0.893, recall=0.830, f1=0.854
Predicted probabilities from our model: [0.72629346 0.13829989 0.61969412 0.72274705 0.51693299 0.21482366
 0.26967859 0.35855536 0.90028187 0.88235093 0.68521344 0.61747234
 0.15729552 0.22808785 0.68606514 0.29368794 0.78345465 0.76785042
 0.66732728 0.91778179 0.5216282  0.30004966 0.92704912 0.66484963
 0.26602753 0.58384117 0.35844207 0.48544088 0.15277888 0.3641463
 0.54780673 0.34433789 0.18091243 0.2419537  0.39481092 0.51337773
 0.60749552 0.2063791  0.6537395  0.64184245 0.60432879 0.2221469
 0.68008759 0.8676719  0.51603452 0.31275189 0.33721893 0.25613372
 0.71048952 0.60095972 0.85925272 0.33351946 0.79579212 0.15858003
 0.26360505 0.45734648 0.81470209 0.60053819 0.12467393 0.28175512
 0.40877947 0.20669021 0.63085464 0.2520964  0.63026417 0.38390078
 0.29460826 0.57082026 0.56085703 0.35470718 0.87892572 0.85134265
 0.25790609 0.19562472 0.34105329 0.44062885 0.1793903  0.26717291
 0.59208597 0.87565311 0.26015007 0.69506352 0.58623513 0.43484251
 0.71378342 0.52025423 0.57702534 0.73138409 0.4369052  0.35968319
 0.38111733 0.8829277  0.28948646 0.48189706 0.30669545 0.31260375
 0.29519073 0.86633554 0.75146813 0.81324329]
