x_train shape: (262508, 1100)  y_train shape: (262508,)
x_val shape: (65627, 1100)  y_val shape: (65627,)

Accuracy: 0.819

Class -1.0: precision=0.955, recall=0.841, f1=0.894, support=59774
Class 1.0: precision=0.268, recall=0.594, f1=0.370, support=5853

Macro avg:   precision=0.612, recall=0.718, f1=0.632
Weighted avg: precision=0.894, recall=0.819, f1=0.848
Predicted probabilities from our model: [0.77953777 0.18962874 0.68634315 0.77317582 0.58981587 0.26351315
 0.33865143 0.43430206 0.91811828 0.90462767 0.74378447 0.67321901
 0.20933521 0.28817391 0.73061714 0.36482247 0.82039853 0.80439804
 0.72345543 0.93186424 0.5842262  0.37019577 0.93863015 0.72063139
 0.32956113 0.65003162 0.43762046 0.5609741  0.20010893 0.43728488
 0.61711995 0.41998776 0.23607124 0.30240812 0.46601182 0.58456612
 0.67159779 0.26381869 0.71843784 0.70992197 0.67076527 0.290907
 0.73553726 0.89229788 0.59648683 0.37498787 0.41839901 0.33589856
 0.75910524 0.66999982 0.88454811 0.40574282 0.83230322 0.21059312
 0.33436123 0.52918198 0.84176366 0.66275748 0.1643827  0.34715265
 0.48613207 0.25777218 0.68540057 0.32207598 0.69589401 0.46111321
 0.36628805 0.64891431 0.62360166 0.42442601 0.90044903 0.88134081
 0.31648839 0.25111091 0.40684828 0.51410207 0.23494443 0.33333593
 0.64951147 0.89340592 0.3288657  0.74982464 0.6555751  0.51232301
 0.76664993 0.58373254 0.64421449 0.78431962 0.50732661 0.44257075
 0.45649874 0.89997792 0.35724725 0.55596962 0.37642857 0.3802136
 0.36663775 0.88470061 0.78825842 0.8448608 ]
