x_train shape: (262508, 1100)  y_train shape: (262508,)
x_val shape: (65627, 1100)  y_val shape: (65627,)

Accuracy: 0.864

Class -1.0: precision=0.953, recall=0.895, f1=0.923, support=59774
Class 1.0: precision=0.338, recall=0.546, f1=0.418, support=5853

Macro avg:   precision=0.645, recall=0.721, f1=0.670
Weighted avg: precision=0.898, recall=0.864, f1=0.878
Predicted probabilities from our model: [0.13940169 0.00289216 0.04316459 0.07132062 0.04343556 0.01354291
 0.02111491 0.01611265 0.35635266 0.21628114 0.12990098 0.0692787
 0.00403576 0.01399344 0.14877581 0.01784949 0.15819061 0.08551022
 0.11687437 0.443418   0.04990485 0.01459092 0.38556685 0.0641705
 0.00794148 0.03836713 0.0136551  0.01495262 0.00584015 0.03319013
 0.07132517 0.02144756 0.00741385 0.0081884  0.0139268  0.04541626
 0.04822575 0.01089431 0.04992793 0.06759652 0.09317863 0.00570399
 0.0959304  0.24020739 0.02476131 0.02282218 0.01466791 0.00626615
 0.13857511 0.03527333 0.264333   0.02271595 0.34824706 0.00431446
 0.01981233 0.01837885 0.15576963 0.09329237 0.00840168 0.02448423
 0.01648961 0.01282335 0.18989186 0.01165714 0.07555163 0.04485836
 0.01291842 0.01197079 0.14294543 0.03191031 0.13729668 0.18480487
 0.01754038 0.00977438 0.03953245 0.02046121 0.00900704 0.0169833
 0.18381682 0.40169226 0.00955632 0.1078217  0.06514232 0.03554041
 0.06107799 0.04002305 0.02702545 0.0644414  0.02448822 0.00804297
 0.01535359 0.45143203 0.01736995 0.02774138 0.01530918 0.03119606
 0.01298466 0.41466846 0.3959171  0.26205529]
