x_train shape: (262508, 1100)  y_train shape: (262508,)
x_val shape: (65627, 1100)  y_val shape: (65627,)

Accuracy: 0.822

Class -1.0: precision=0.953, recall=0.846, f1=0.896, support=59774
Class 1.0: precision=0.268, recall=0.578, f1=0.367, support=5853

Macro avg:   precision=0.611, recall=0.712, f1=0.632
Weighted avg: precision=0.892, recall=0.822, f1=0.849
Predicted probabilities from our model: [0.81587049 0.24533145 0.73436792 0.80754507 0.64642812 0.31269395
 0.40358987 0.50078561 0.9290015  0.91828421 0.78467564 0.713962
 0.26394929 0.34726409 0.76118993 0.43109883 0.84459819 0.82856804
 0.76379563 0.94026123 0.63346014 0.43454786 0.94548383 0.76042257
 0.38924911 0.69957416 0.50623631 0.62028779 0.24998743 0.50090986
 0.67102447 0.48763138 0.29208816 0.36054921 0.52594976 0.64031331
 0.71945345 0.32114223 0.76457764 0.75769677 0.720224   0.35650849
 0.77440723 0.90761324 0.65772124 0.43205748 0.48999773 0.41051871
 0.79202483 0.72044415 0.90049988 0.47063528 0.85685238 0.26587351
 0.40121596 0.58573761 0.85954645 0.70951852 0.20686093 0.40847867
 0.55006401 0.30871394 0.72649959 0.38927524 0.74353552 0.52512732
 0.43182737 0.70549084 0.67248402 0.48658088 0.91344522 0.89996175
 0.37166495 0.30681244 0.46609859 0.57296714 0.29145064 0.39577578
 0.69365704 0.90429254 0.39386325 0.78808116 0.70708967 0.5765459
 0.80301893 0.63196032 0.69409545 0.8196062  0.56517854 0.51378179
 0.52045532 0.91079624 0.41991562 0.61420011 0.43992007 0.44215888
 0.43175362 0.89624333 0.81438516 0.86577235]
