x_train shape: (262508, 1100)  y_train shape: (262508,)
x_val shape: (65627, 1100)  y_val shape: (65627,)
the shape of x_train is: (262508, 1100)
the shape of y_train is: (262508,)
the shape of x_val is: (65627, 1100)
the shape of y_val is: (65627,)
Evaluation failed.
Predicted probabilities from our model: [1.55317304e-01 1.01341440e-23 2.41139435e-06 1.92386473e-03
 1.54251387e-09 2.99926927e-20 3.65494457e-13 1.24058570e-13
 9.99996435e-01 9.84059658e-01 4.39132466e-02 2.09480943e-05
 1.77164671e-21 5.75211940e-17 1.03078039e-01 2.18030050e-15
 7.28196796e-01 9.82667741e-06 9.47534625e-04 9.99996838e-01
 5.42556037e-06 8.88712690e-16 9.99999192e-01 2.88000897e-04
 2.90142196e-18 3.75306043e-07 1.06670141e-14 6.80798621e-14
 7.38408914e-21 4.02649770e-11 8.13560351e-06 7.18220346e-13
 2.02754834e-19 7.06192200e-18 1.80457862e-13 3.43168260e-07
 8.14683330e-07 3.53801934e-19 6.69140752e-06 4.29688236e-07
 7.68374948e-04 1.82901993e-17 4.53600190e-03 9.86863554e-01
 8.84894817e-09 3.39955165e-15 1.34604563e-11 5.94629405e-18
 5.99824006e-01 5.80145496e-07 9.98048236e-01 3.92514216e-12
 9.95807707e-01 6.65729860e-24 3.96096673e-12 1.16736461e-09
 2.24301547e-01 8.24644454e-05 9.15808177e-21 5.93951932e-12
 1.45879234e-11 2.52533731e-18 1.04826256e-02 1.27129894e-14
 1.23691384e-04 4.60277719e-06 1.42679090e-13 5.00525810e-09
 3.23130007e-05 1.10909417e-11 9.95550410e-01 9.80328218e-01
 3.04207690e-16 1.79999761e-18 3.54469041e-13 1.78558602e-09
 4.25456768e-19 8.48144033e-16 5.94039521e-04 9.99974298e-01
 1.67042798e-17 7.70534666e-03 3.28190966e-05 5.67155461e-09
 3.40245551e-04 9.09986925e-08 1.80693879e-08 8.12794317e-04
 4.78182426e-10 4.33346579e-17 1.63049482e-14 9.99818194e-01
 2.90524249e-15 1.01093899e-09 5.42212163e-16 2.75934234e-13
 3.22918064e-15 9.99137906e-01 9.94498462e-01 9.74999910e-01]
