x_train shape: (262508, 1100)  y_train shape: (262508,)
x_val shape: (65627, 1100)  y_val shape: (65627,)

Accuracy: 0.089

Class -1.0: precision=0.000, recall=0.000, f1=0.000, support=59774
Class 1.0: precision=0.089, recall=1.000, f1=0.164, support=5853

Macro avg:   precision=0.045, recall=0.500, f1=0.082
Weighted avg: precision=0.008, recall=0.089, f1=0.015
Predicted probabilities from our model: [2.10450556e-34 1.10706237e-35 7.95389569e-33 3.30942519e-33
 1.60951663e-32 2.83897338e-31 8.86409100e-36 2.51963025e-33
 1.21058833e-31 1.90827567e-31 6.74341215e-34 7.11373090e-30
 3.97766592e-34 2.67864220e-35 1.57715687e-19 6.78761568e-35
 4.12277822e-27 8.79222931e-27 1.25905011e-33 2.58663774e-30
 2.65000908e-31 1.53141176e-32 7.97902362e-31 1.26767292e-32
 1.36178671e-28 3.98510889e-33 1.29966334e-33 1.03325718e-30
 7.89013790e-33 4.40652161e-33 4.68543002e-36 2.97435779e-36
 4.53676416e-32 1.47848966e-30 1.25048391e-29 1.13413711e-32
 1.11620730e-34 1.68282551e-32 6.42013960e-35 5.87493990e-33
 5.64024486e-36 5.97023288e-27 2.66482087e-32 1.38183792e-30
 2.81897242e-34 2.63220875e-31 2.82285670e-35 6.47938431e-35
 1.35232199e-24 2.29789324e-33 3.75396545e-31 2.78501733e-36
 1.02673261e-33 1.91294355e-34 1.70878006e-29 4.45707626e-25
 1.95039791e-26 1.21038979e-34 1.21502783e-32 2.84708589e-35
 1.23018770e-29 7.60997238e-30 6.42475547e-35 1.89817290e-36
 1.39675309e-33 1.48811673e-21 9.44826750e-34 1.87882984e-34
 6.10429366e-34 5.05740463e-34 6.90370712e-25 1.69623025e-32
 7.35161372e-30 5.56343188e-33 1.08491057e-33 2.30959096e-26
 4.62541659e-32 5.60250824e-34 1.00223933e-33 5.64977247e-22
 4.79351753e-35 1.40320806e-33 4.58105481e-34 7.62492533e-36
 4.82384440e-33 1.65734172e-22 3.94255636e-31 2.54432707e-30
 3.39930710e-28 1.40774709e-33 3.88222895e-27 4.63742907e-27
 6.45096981e-34 1.37071591e-27 2.22741952e-33 4.04693691e-36
 2.91282935e-32 1.18730969e-25 3.24031843e-32 1.72269716e-30]
