x_train shape: (262508, 1100)  y_train shape: (262508,)
x_val shape: (65627, 1100)  y_val shape: (65627,)

Accuracy: 0.908

Class -1.0: precision=0.918, recall=0.986, f1=0.951, support=59774
Class 1.0: precision=0.428, recall=0.106, f1=0.170, support=5853

Macro avg:   precision=0.673, recall=0.546, f1=0.561
Weighted avg: precision=0.875, recall=0.908, f1=0.881
Predicted probabilities from our model: [3.62159466e-25 1.24916081e-79 1.33410329e-33 1.30152386e-28
 5.55566867e-44 2.12269096e-77 1.75890529e-66 1.11275591e-55
 1.97495567e-04 4.08664664e-11 3.77249859e-27 1.02009300e-35
 6.36894017e-78 3.34277516e-71 1.32461403e-14 4.95990863e-63
 3.77440939e-18 4.93546272e-22 8.25977793e-33 4.19183284e-02
 3.29938507e-47 9.32607930e-60 9.67372119e-01 1.50986175e-33
 3.48337268e-60 1.29558893e-40 4.04030185e-57 1.67753847e-45
 4.03081734e-78 3.33901510e-55 5.66524192e-44 2.41515843e-62
 4.52608573e-71 6.18880265e-64 3.12332849e-50 9.28852774e-41
 2.99070375e-39 1.47844174e-70 1.06909909e-35 7.89599088e-35
 1.89512627e-41 3.07667750e-57 5.07401239e-31 1.20661131e-11
 1.27117787e-42 1.61222773e-62 1.05680693e-56 2.40714347e-64
 2.60917661e-18 4.81102739e-36 3.94664984e-12 1.37065760e-63
 9.19240245e-20 4.04823228e-79 2.79275693e-54 6.41782576e-38
 7.12853008e-20 3.38641147e-40 2.12039041e-83 1.27991655e-66
 2.22905972e-46 6.66719132e-71 5.16376446e-42 5.33982221e-68
 1.05929398e-33 3.85746039e-33 6.78183476e-62 5.78404017e-42
 2.91913843e-43 9.31092221e-61 2.49971620e-02 4.93293694e-14
 1.21384174e-62 4.29590772e-71 1.32438884e-64 1.98239556e-41
 4.85692192e-70 2.13263942e-65 2.43448481e-43 8.26104178e-01
 4.38332374e-68 1.80384804e-31 9.42499956e-38 2.33451958e-53
 2.19324552e-31 3.71146923e-30 2.61205464e-41 5.19169882e-26
 2.69371370e-44 1.21053863e-58 2.98117365e-49 2.47964390e-10
 1.09857120e-64 1.34061270e-42 5.88662327e-63 5.95157418e-67
 6.88455214e-60 1.06174164e-10 4.66640654e-27 9.74199010e-16]
