x_train shape: (262508, 1100)  y_train shape: (262508,)
x_val shape: (65627, 1100)  y_val shape: (65627,)

Accuracy: 0.851

Class -1.0: precision=0.949, recall=0.884, f1=0.915, support=59774
Class 1.0: precision=0.303, recall=0.516, f1=0.382, support=5853

Macro avg:   precision=0.626, recall=0.700, f1=0.649
Weighted avg: precision=0.891, recall=0.851, f1=0.868
Predicted probabilities from our model: [6.60652372e-04 4.43921289e-39 8.55082046e-11 1.85812471e-07
 3.89488118e-17 4.06321595e-36 2.50599320e-25 4.42145057e-24
 9.99999959e-01 9.82137943e-01 4.51777695e-05 3.20005582e-11
 2.11098689e-36 3.01076628e-30 4.09920285e-03 3.58591390e-27
 2.26831195e-03 1.06584308e-08 5.50828160e-08 9.99999963e-01
 2.68642294e-14 7.39753038e-27 9.99999999e-01 5.03640284e-09
 2.36583401e-30 1.65972069e-13 1.52613689e-25 5.27305857e-22
 5.79548390e-36 5.33016214e-21 2.09306802e-12 1.95352310e-24
 5.51681130e-33 5.51813088e-30 7.49379560e-23 1.58706910e-13
 1.78377643e-12 1.24842572e-32 4.80826677e-11 1.55943361e-12
 3.05315369e-10 6.13955164e-29 3.86222536e-07 9.52244606e-01
 8.12341052e-16 2.21901025e-26 1.02091907e-21 1.42975831e-30
 1.41788428e-02 3.86140087e-12 9.96848551e-01 1.03232726e-23
 8.82830672e-01 1.97423453e-39 8.51316112e-23 8.76869338e-17
 2.15509985e-04 1.51254102e-10 3.64597851e-37 4.21705419e-24
 1.97468344e-20 8.67113340e-33 7.50147652e-09 2.31347994e-27
 1.36799256e-09 1.82036058e-12 6.11407921e-25 2.38882031e-16
 4.31941962e-12 2.87871791e-23 9.99349705e-01 9.12517426e-01
 1.03366045e-27 3.29240601e-32 3.41370455e-25 2.17673774e-17
 1.42331322e-32 1.96774146e-27 1.30095824e-10 9.99999552e-01
 1.11998783e-30 3.55606569e-07 1.18267427e-10 4.26703993e-18
 9.13013894e-09 4.51750250e-13 7.60697704e-16 3.74738683e-08
 5.78742668e-18 2.37239269e-28 1.63066244e-24 9.99522307e-01
 2.56142688e-27 4.83594728e-18 2.50426081e-28 1.25214296e-25
 8.29844999e-27 9.86543696e-01 2.19090962e-01 8.32231607e-01]
