x_train shape: (262508, 1100)  y_train shape: (262508,)
x_val shape: (65627, 1100)  y_val shape: (65627,)

Accuracy: 0.856

Class -1.0: precision=0.950, recall=0.888, f1=0.918, support=59774
Class 1.0: precision=0.315, recall=0.526, f1=0.394, support=5853

Macro avg:   precision=0.633, recall=0.707, f1=0.656
Weighted avg: precision=0.894, recall=0.856, f1=0.871
Predicted probabilities from our model: [1.55397753e-01 1.01673701e-23 2.40633673e-06 1.91998273e-03
 1.54318167e-09 3.00364963e-20 3.65313958e-13 1.24076664e-13
 9.99996428e-01 9.84054721e-01 4.39444131e-02 2.09466153e-05
 1.77827117e-21 5.75042260e-17 1.02900525e-01 2.17995319e-15
 7.28048553e-01 9.82110671e-06 9.45935617e-04 9.99996839e-01
 5.42717847e-06 8.88905551e-16 9.99999192e-01 2.87934480e-04
 2.90474133e-18 3.74549788e-07 1.06872602e-14 6.81880662e-14
 7.39233855e-21 4.02982993e-11 8.12968437e-06 7.18004672e-13
 2.03016646e-19 7.06105926e-18 1.80615461e-13 3.42834731e-07
 8.13483819e-07 3.55101172e-19 6.68471373e-06 4.29678686e-07
 7.68027412e-04 1.82855330e-17 4.52882340e-03 9.86859331e-01
 8.84176452e-09 3.41265010e-15 1.34499845e-11 5.94523877e-18
 5.99331272e-01 5.78738591e-07 9.98046225e-01 3.92672167e-12
 9.95806393e-01 6.66481157e-24 3.95892017e-12 1.16673913e-09
 2.24318301e-01 8.24792483e-05 9.18846338e-21 5.93547759e-12
 1.45763584e-11 2.52603250e-18 1.04751723e-02 1.27096904e-14
 1.23528726e-04 4.60005278e-06 1.42770342e-13 5.00542314e-09
 3.22987880e-05 1.10947782e-11 9.95550196e-01 9.80312602e-01
 3.05247774e-16 1.80065631e-18 3.55024609e-13 1.78532701e-09
 4.25398002e-19 8.47499069e-16 5.93078756e-04 9.99974318e-01
 1.67126309e-17 7.69176604e-03 3.27789592e-05 5.66598220e-09
 3.39683391e-04 9.08761980e-08 1.80554237e-08 8.13271693e-04
 4.77743815e-10 4.34279881e-17 1.62987635e-14 9.99818002e-01
 2.90535550e-15 1.01044968e-09 5.42802277e-16 2.76306314e-13
 3.22831477e-15 9.99138271e-01 9.94503231e-01 9.74995861e-01]
