x_train shape: (262508, 1100)  y_train shape: (262508,)
x_val shape: (65627, 1100)  y_val shape: (65627,)

Accuracy: 0.845

Class -1.0: precision=0.954, recall=0.872, f1=0.911, support=59774
Class 1.0: precision=0.304, recall=0.570, f1=0.397, support=5853

Macro avg:   precision=0.629, recall=0.721, f1=0.654
Weighted avg: precision=0.896, recall=0.845, f1=0.865
Predicted probabilities from our model: [4.71204070e-01 1.04074872e-07 1.60102251e-02 1.64850572e-01
 3.45480556e-03 4.97520418e-06 2.27605954e-04 1.35096133e-04
 9.81536249e-01 8.78073397e-01 5.65767259e-01 4.60253925e-02
 4.82296735e-07 1.76715032e-05 5.37234843e-01 5.12909718e-05
 6.59051423e-01 6.06422944e-02 1.53112582e-01 9.88255025e-01
 4.41421680e-02 3.85698033e-05 9.91139222e-01 9.17493651e-02
 6.67380124e-06 1.06820900e-02 6.69229882e-05 1.52731499e-04
 1.53585441e-06 1.19056444e-03 2.44948948e-02 1.96607770e-04
 2.91061794e-06 7.94365373e-06 1.44023742e-04 1.01416155e-02
 1.16291664e-02 3.83938141e-06 4.70025993e-02 1.14243656e-02
 8.39329533e-02 1.41326679e-05 2.23280123e-01 8.68071485e-01
 3.43698496e-03 7.51357014e-05 4.82042920e-04 7.91276210e-06
 7.06210430e-01 7.23737769e-03 8.87452037e-01 2.79180410e-04
 9.39387737e-01 2.54017169e-07 5.01810210e-04 2.36520077e-03
 6.16551369e-01 5.56625931e-02 1.64791409e-06 5.27716407e-04
 5.71946299e-04 9.84053010e-06 3.76792899e-01 7.13670219e-05
 6.53198763e-02 3.81108746e-02 1.32888751e-04 1.28715582e-03
 5.80869753e-02 6.52656091e-04 9.27082614e-01 8.18394681e-01
 3.02814829e-05 4.05759695e-06 4.02896365e-04 2.69268907e-03
 3.68801670e-06 4.89272175e-05 2.15301554e-01 9.89547864e-01
 1.01144699e-05 2.33396871e-01 5.48495408e-02 3.16283190e-03
 1.18730485e-01 1.36623258e-02 4.55857065e-03 1.82218307e-01
 1.88451104e-03 2.01860287e-05 1.73844464e-04 9.79983984e-01
 6.34868240e-05 4.04048573e-03 3.16398857e-05 2.41831816e-04
 5.58986402e-05 9.63656800e-01 8.66970964e-01 7.77907169e-01]
