x_train shape: (262508, 1100)  y_train shape: (262508,)
x_val shape: (65627, 1100)  y_val shape: (65627,)

Accuracy: 0.089

Class -1.0: precision=0.000, recall=0.000, f1=0.000, support=59774
Class 1.0: precision=0.089, recall=1.000, f1=0.164, support=5853

Macro avg:   precision=0.045, recall=0.500, f1=0.082
Weighted avg: precision=0.008, recall=0.089, f1=0.015
Predicted probabilities from our model: [1.69200326e-37 2.70658777e-46 4.24466680e-37 1.35238621e-36
 3.79611378e-38 6.72526425e-42 6.18131316e-45 1.89288283e-40
 1.03568658e-31 3.62664853e-32 2.20760686e-37 1.83716525e-34
 1.25981618e-44 4.29716302e-45 1.62732416e-21 2.66435727e-43
 6.81136177e-29 4.86835987e-29 8.74101121e-38 9.14169067e-30
 1.17613807e-37 2.04323926e-40 1.01773620e-29 6.20544219e-37
 1.99983181e-36 2.45581648e-38 4.98596740e-41 2.37384499e-36
 1.52538294e-43 1.50569097e-40 6.51599747e-42 1.21053488e-44
 6.02393731e-42 4.85074909e-39 4.12025888e-36 3.77677567e-38
 1.18398333e-39 4.25244833e-42 2.42930559e-39 2.35273711e-37
 1.87143736e-41 8.42414299e-35 2.28889219e-36 2.00051419e-31
 1.03522305e-39 8.98803939e-40 5.91560572e-43 2.16472056e-43
 4.04576014e-27 5.39529998e-38 2.51781221e-32 4.59878244e-45
 2.85824011e-36 3.40111558e-45 1.14489943e-36 4.67979770e-30
 2.33275802e-28 4.52761957e-40 2.79672370e-44 1.51654616e-44
 1.56310540e-35 1.96284549e-39 1.33774216e-40 1.04097752e-45
 4.92684440e-38 4.62048362e-26 2.87539164e-42 1.29624819e-39
 8.49202548e-40 3.86796624e-42 2.15586857e-24 9.30358147e-34
 2.11003574e-38 9.18551862e-43 1.62239329e-42 6.42993205e-32
 1.00465280e-41 5.83286137e-43 1.07676206e-39 1.53369637e-21
 2.95990347e-44 1.39389030e-37 3.61398328e-39 5.88174273e-43
 8.04905391e-37 2.67434191e-26 2.72430924e-36 3.66085595e-33
 5.88789871e-34 5.10914203e-41 1.94821299e-33 6.59552579e-28
 1.02510437e-42 4.05230868e-33 1.37236688e-41 2.47596570e-45
 2.33262395e-40 2.01392940e-26 7.47348615e-36 4.02008541e-32]
